456354351
2905736506
3789975305
608925040
740903797
382125639
2772701865
3277266125
2287811418
1738817556
4168679746
1694747958
228321295
225757925
3156595256
1083988671
4261840611
3479502098
935999175
1924954269
1435970181
3015112777
2526811890
186512667
4119885381
309916057
1446967344
2391393816
1419335912
1355453218
1872737036
1157254016
303959153
942882302
2537858269
3379795352
3449533117
3464312675
140035087
2411533977
3926467782
1983571183
2645641386
1533938336
1927227385
2956664811
3065258748
2385159761
279593165
1081890796
3230732646
4218206691
3958422143
3385802969
2050036241
745024342
3239702425
3794185766
3597875900
1694548952
2015939051
2065575876
830451524
2310950830
1212451021
3972097072
2973470818
1729486288
3396411365
1092265076
4292069099
1198537140
1772515551
2289315230
138722713
2153310750
2017338315
2435961809
934077416
1217204743
670280631
3577287376
683059308
3013235026
679666720
2023570687
3634644318
2084465586
1716593646
4026452180
825843018
534441006
1928822363
3870370218
789510686
4084477869
2518991399
3744054381
3137233807
4165534344
1498477624
1838358874
4238048502
4257866493
318468190
2500874091
182196495
1612579378
4291381933
3832416151
1124062814
704187731
4134010111
1958996183
3958110072
1738423276
2884682532
860037878
1225731184
4243518729
3069085344
3406738516
66274661
2546387942
84430901
3038894329
3564398244
3310112135
47698168
1550890359
4280260088
2149365933
750150214
3060295034
704567052
64120940
1620482789
653864107
3049717657
3355635036
1410995884
347997263
3390819863
4028045643
615391394
2777600672
1276845411
3891034832
4210385158
3860823040
3136777207
1106020780
2260985360
415704009
2788830130
3649556823
364205712
998070052
712823882
3509329750
3748327905
3933981976
3810135306
51362129
2413782300
58408047
2740090305
132740221
26991764
2013914716
2614696447
3489058797
3101899880
2243572994
886541525
1487412157
1413267869
363407792
340343797
4139493655
2376061515
1417519000
1318456071
1391835588
2492458596
1274713258
1356457049
1669240786
3660755979
2438413358
287168193
353175206
4067713215
2163159776
417898352
3881461643
3479348573
206879245
3910304680
2090026680
732811207
856928682
898553474
1328402849
989652094
2138140308
971512318
2366378737
359897765
1803994068
3830400845
2528874533
2049379876
4117860009
4211114498
2731704277
4283125130
1830423856
3801779737
3226807635
2421259580
1996735788
4024410933
2171161431
4203117768
1352737517
280313389
4030539639
1178159679
2891413332
2389928504
3675716041
2350210432
1636998548
779679161
3160001161
2366661457
1318404747
264315265
1223014352
4101150656
4274379178
2710309957
2964053022
3986495963
1853873932
433544518
1375357516
2807808385
3382586542
4290635354
3921105477
240760540
3661823089
466331582
2143580292
3637136951
330430625
3649949455
4089598621
2969687136
2499528032
3398278006
1362918393
2214839842
2389724331
3073149746
804360338
2001555848
3614245341
4235467210
1935353977
3974920727
4206834584
3395645292
3355066529
1743117148
2438628754
2880191210
2562024564
2349945191
541430320
552071687
1987442756
3540968291
587592817
2901106473
4028124076
1615175576
1824296322
3395917691
3412631828
1524725064
1208621920
479261758
4024506772
2785729775
3487881827
154635325
222759928
2655310209
425840077
3715537083
1393050395
2571582718
21421708
837796721
2774331154
1865241643
33784644
2613887905
2242457602
2626334094
3555939001
1930801412
1414669429
2233008793
2508692342
2716375698
502023274
1775688181
4284099505
3361923753
4109532565
2584943427
986516266
812240170
3513325722
2775453348
735070936
4180667941
2892839524
958216537
3787246389
2823681816
3740794014
2015472293
2286640882
1553669373
2237766791
877522738
2905758245
968619982
2926974157
3129858848
2264605041
2756440132
3697829186
2323024592
3333473195
314918231
3182350913
3070800091
2474461758
1932981749
3891676866
1825593074
1860193772
351429876
3074076090
1204538567
576060506
2397443981
1446438508
1392731996
3769051661
1879452502
978992369
3868108773
4213223474
1127469675
3818944183
2123600004
3549843720
4224512597
3599474476
3026484459
3231745157
2875642381
130098234
2538012218
1054004705
1543204358
3845233443
1287182302
412786987
769787769
1741710414
2720922494
3936857399
974993229
3013768897
2617507734
839467484
3771437484
1110604582
4035529728
4127246322
2776995276
426985689
3129540117
1353083395
3738070618
3090076966
3718102423
3267362658
3647592248
936349995
1539821978
3791992141
2757637031
1085522076
2490642399
112132903
64644043
648876358
1135179802
244200106
2204050415
986254360
857408442
1949889128
2810622462
1302917945
1758647856
3815386172
1745544210
2208226400
2289603189
4123896065
2414832301
3868898635
2558261098
618036084
707900404
3275778038
4112479456
1989510182
3135531553
1461141472
1811409400
4063962230
961048734
3916267620
827799866
634391642
670492642
2932858060
1149734609
3141425488
765437722
3903322432
1857174938
1871524897
2727533606
2960560850
2305163222
441694226
1297629030
2424188305
1468645502
213822699
4205730081
197627777
646562328
1513662808
986552137
3021674860
791784368
1444138627
3412683072
3041909476
603756615
2926246578
3169888577
1632316095
3342533403
4098034164
2131916372
81361199
29484430
1971930121
3215915925
3942488702
710470918
357434622
3780415289
2099165768
2652910358
1582550828
2913820316
1189790877
731321066
3694014290
615037334
3139036708
2765422317
3676913344
2369732511
1688285855
2921269571
1085225772
4144448451
3851068049
2999631596
479429820
4216041940
4205690617
4022759150
4058809177
1973247721
2070452422
2898971610
2757741523
1948070659
3157135880
3456797286
550830692
2685553087
3145490707
3131321243
3211187069
2135121034
3527397105
1244605073
3191121863
3056980124
7675642
4279767359
1553295890
458347128
372286699
2881768620
176677323
337699786
1400631726
95524379
2217517833
2613848039
3015752628
1923292900
2194544374
1904831051
1438588135
4054890602
2490918754
479171381
365771951
3653172227
2162196358
2090332491
3957639292
1359135431
762866616
1376456861
2274318837
1496675495
1312350557
503922401
1295144851
3058148076
1507068338
194432440
1224436701
154208054
2480904023
3442370653
2042784521
593930250
3390853006
1798761250
74802302
2327851357
1482970185
2320635410
4124852465
2193857773
1566236319
706122935
1066771736
2151439495
52068301
1383368584
4239341808
291409072
985303191
1014977816
1412604366
3433743706
3623372162
2332185141
390488500
2293138741
1914823994
1300381144
491802374
2441971583
4249621933
2552011386
108089516
1075484579
2838634460
294350304
3748989873
1663356530
3484161350
2488171114
1355985710
3946126318
653130215
1438443667
41763141
1994376664
1585215867
2950259577
3072745159
2264193658
2000360573
196031448
1726322979
1938347819
1043950568
1110604582
3228908487
3686863728
8199747
1284307735
2370747218
3792198355
1439037485
100886689
3661599952
1690661387
2539261466
3686489485
2845860087
723966608
6981746
1708378248
889378554
1011317304
524271969
11478623
500729974
3963853826
1368633087
1742029048
987319322
2507002238
433680447
3677855114
687673692
87869288
4036025288
194194421
1535680370
3854015791
184262439
1722955683
1198675077
3386244938
4013540858
1708886379
4153360175
2116715257
2505549742
1575607019
2740131830
2559049323
1275862567
1471986173
3052610464
1074118495
603858625
1606564442
1268783312
1161426692
2017453109
2533700295
2600366063
240611008
2116625560
2196821823
527034853
3030073000
2904273467
1283762502
1076062387
3720640309
2450473302
1442810380
3442526019
1985606873
391434281
1101604916
1392880742
4065042580
2664339108
4082740837
2941834380